ahora: 0.09090909090909091
aprovecha: 0.09090909090909091
dinero: 0.09090909090909091
especial: 0.09090909090909091
fácil: 0.09090909090909091
gana: 0.18181818181818182
haz: 0.18181818181818182
oferta: 0.09090909090909091
premio: 0.09090909090909091
